def find_even_index(arr):
    for i in range(len(arr)):
        if sum(arr[0:i]) == sum(arr[i+1:]):
            return i
    return -1
    
TESTS: 
 Testing for [2, 16, 4, -16, 9, -6, -8, 13, -2, 5, -2, -16, -2, 0, 13, 5, -7, -8, 16]
 Testing for [17, 0, 0, -14, -13, 5, -16, -17, -5, -1, 15, 9, 5, -14, -15, 0, -20]
 Testing for [18, 9, 10, 18, 19, 9, 9, -7, -21, 7, 12, 12, -20, 0, -20, 7, 12, 18, 9, 9, -7, 18, -13, -1, 12, 0, 9, 10]
 Testing for [9, -4, -2, -14, -6, 13, 2, -18, -2, 1, 20, 10, -22, -10, 20, 9, -36, -6]
 Testing for [-17, -29, 10, -30, 18, -17, -17]
 Testing for [6, -17, 17, 9, -6, -49, 12, -3, -3, 6, -7, 3, -7, 12, -17, -3, 3, 6, 17, -14, -6, 9, -56, -7, -3, 6, 10, 11]
 Testing for [10, 13, 6, 14, 13, -15, 9, 19, -11, -9, 12, 10, 27]
 Testing for [-2, -12, -5, -14, 1, 66, 9, -14, -15, -6, 14, 9, -9, 20, -12, -5, -2, 19, 9, 5, 16, 1, -14, -14, 12, 6, -20]
 Testing for [-6, 17, 11, -16, 5, 6, 8, 9, -20, 11, -11, -1, -12, 5, 17, 28, -16, 4, 6, 9, -6]
 Testing for [25, -6, -16, 20, -8, 11, -6, 0, 15, 11, -6, 15, 0]
 Testing for [-10, -15, 23, -3, -3, 7, 5, -4, 4, -2, 13, -1, 16, -10]
 Testing for [-1, -3, 6, -19, -2, -5, 9, 0, 12, 2, -4, 12, 0, -3, 9, -19]
 Testing for [3, 1, -2, -2, -30, -2, -16, 3, -11, 10, 10, 18, -15, -37, -9, 10, 1, 10]
 Testing for [9, 16, 7, 7, -6, 12, 0, -6, 7, 10, -17, -3, -9, -14, -12, 18, 0, -12, 18, -6, -9, 18, 7, 10, 0, -5]
 Testing for [1, 15, -10, -14, -16, -4, 22, 21, 9, 4, 12, 7, 33, -14, 4]
 Testing for [-11, 13, 19, -5, 56, -2, -11, -2, -5, 0, 19, 10, 46, -11, 13]
 Testing for [5, 0, -7, 7, -18, 14, 19, -12, -7, 5, 40, -18, 0]
 Testing for [-8, -8, 3, 3, -12, 2, -16, 9, -13, 1, 9, -7, -8, -2, -13, 1, -12, -16, 9, 9, 2]
 Testing for [6, -21, 7, 17, -8]
 Testing for [-15, 4, -10, -4, 8, 7, -18, -5, -4, 17, -18, 14, -32, 4, 7, -10, -4, -5, 17, -15]
 Testing for [2, -12, -43, 15, -12, 2, -19, -12, -9, -9, 9, 7]
 Testing for [0, -22, -19, -13, 4, 3, 0, -6, -3, -20, 15, 18, -9, -5, 10, -4, -7, 11, -7, -5, 10, -3, 18, -20, 0, 3, 15, -6, -54, 4, -13, 0]  
